0 0.404338 0.815822 0.0389321 0.083177
0 0.317019 0.607567 0.0378198 0.0781739
0 0.433815 0.501563 0.0422692 0.0650406
0 0.369855 0.494371 0.0500556 0.0769231
0 0.586763 0.402752 0.0567297 0.0475297
0 0.583426 0.505316 0.0433815 0.0662914
0 0.55228 0.505003 0.0456062 0.0669168
0 0.430478 0.612883 0.0533927 0.0762977
0 0.391546 0.614134 0.0467186 0.0700438
0 0.373192 0.816135 0.0411568 0.0825516
0 0.453838 0.265166 0.0533927 0.0750469
0 0.543938 0.816135 0.0467186 0.0813008
0 0.49277 0.501876 0.0645161 0.0706692
0 0.463293 0.503127 0.0433815 0.0681676
0 0.468298 0.815822 0.0444939 0.0819262
0 0.498331 0.266417 0.0533927 0.0762977
0 0.515573 0.40025 0.0411568 0.0450281
0 0.382647 0.916198 0.0444939 0.0825516
0 0.548943 0.401188 0.0500556 0.0444028
0 0.40545 0.265478 0.0611791 0.0706692
0 0.670745 0.262977 0.117909 0.0856785
0 0.344271 0.916823 0.0500556 0.0787992
0 0.469967 0.914009 0.0567297 0.0794246
0 0.325918 0.716385 0.051168 0.0706692
0 0.520578 0.914634 0.0823137 0.0769231
0 0.400445 0.498749 0.0422692 0.0706692
0 0.300334 0.917448 0.0533927 0.0813008
0 0.425473 0.389619 0.0589544 0.0650406
0 0.626251 0.258912 0.111235 0.0963102
0 0.330923 0.490932 0.0634038 0.0813008
0 0.364294 0.268293 0.0611791 0.0637899
0 0.367631 0.387742 0.0812013 0.0662914
0 0.506118 0.816448 0.0422692 0.083177
0 0.452169 0.715134 0.0723026 0.0756723
0 0.643493 0.469669 0.0745273 0.0850532
0 0.471079 0.391495 0.0589544 0.0625391
0 0.383204 0.716073 0.0745273 0.0750469
0 0.558954 0.267042 0.0878754 0.0775485
0 0.350389 0.613196 0.057842 0.0719199
0 0.57119 0.605691 0.0589544 0.0906817
0 0.57564 0.906817 0.0989989 0.101313
0 0.309789 0.266417 0.0901001 0.0612883
0 0.653504 0.393684 0.0901001 0.0906817
0 0.276418 0.443089 0.105673 0.18324
0 0.31535 0.81676 0.0901001 0.0825516
0 0.533927 0.716698 0.106785 0.0725453
