0 0.398776 0.256098 0.0433815 0.10444
0 0.42158 0.737649 0.0489433 0.10444
0 0.374861 0.617573 0.0978865 0.0744215
0 0.515573 0.748906 0.0634038 0.123202
0 0.458843 0.883052 0.0589544 0.110069
0 0.568409 0.752658 0.0489433 0.123202
0 0.538376 0.0659787 0.0778643 0.100688
0 0.650167 0.626329 0.054505 0.0844278
0 0.461068 0.737336 0.0522803 0.107567
0 0.644605 0.894309 0.0611791 0.0963102
0 0.532814 0.463727 0.0689655 0.083177
0 0.606229 0.754847 0.0489433 0.122577
0 0.598443 0.88868 0.0600667 0.0925578
0 0.602892 0.621951 0.0622914 0.0894309
0 0.377642 0.462164 0.0567297 0.0787992
0 0.655729 0.45591 0.0723026 0.102564
0 0.483315 0.0859912 0.0567297 0.0619137
0 0.42436 0.461851 0.0634038 0.0794246
0 0.58287 0.257974 0.0622914 0.125704
0 0.632369 0.268293 0.0634038 0.107567
0 0.48109 0.464353 0.0656285 0.0794246
0 0.446051 0.259537 0.0645161 0.113821
0 0.591769 0.453408 0.0667408 0.105066
0 0.413793 0.880863 0.0978865 0.110694
0 0.55228 0.883677 0.054505 0.0963102
0 0.504449 0.88399 0.054505 0.109443
0 0.377642 0.742964 0.0723026 0.110069
0 0.605673 0.058474 0.0945495 0.109443
0 0.721357 0.613821 0.0878754 0.106942
0 0.541157 0.622889 0.0901001 0.0838024
0 0.691324 0.902752 0.0723026 0.109443
0 0.491657 0.261101 0.0600667 0.106942
0 0.714127 0.469356 0.0689655 0.0744215
0 0.414905 0.0791119 0.115684 0.0794246
0 0.460512 0.618512 0.0956618 0.0850532
0 0.535039 0.259225 0.057842 0.113196
0 0.675751 0.0681676 0.107898 0.0938086
0 0.332592 0.210131 0.131257 0.185116
0 0.713014 0.225141 0.115684 0.121326
0 0.342047 0.575047 0.105673 0.145716
0 0.677976 0.766104 0.107898 0.102564
0 0.335929 0.36429 0.0978865 0.136961
0 0.743604 0.280175 0.0901001 0.0787992
0 0.745829 0.072858 0.110122 0.0806754
