0 0.350694 0.0277344 0.0569444 0.0523437
0 0.517361 0.028125 0.0458333 0.053125
0 0.31875 0.0285156 0.0430556 0.0570313
0 0.4 0.0285156 0.0472222 0.0539063
0 0.427778 0.0277344 0.0444444 0.0554687
0 0.547222 0.0292969 0.05 0.0539063
0 0.461111 0.0277344 0.0472222 0.0539063
0 0.375694 0.0277344 0.0541667 0.0539063
0 0.491667 0.0277344 0.0361111 0.0539063
0 0.689583 0.766797 0.0597222 0.102344
0 0.511111 0.355469 0.0555556 0.1
0 0.407639 0.9 0.0569444 0.104687
0 0.594444 0.896875 0.0555556 0.09375
0 0.552083 0.90625 0.0541667 0.078125
0 0.552778 0.353906 0.0583333 0.0953125
0 0.584722 0.0285156 0.0638889 0.0554687
0 0.641667 0.359375 0.0638889 0.0921875
0 0.458333 0.898438 0.0583333 0.103125
0 0.692361 0.358203 0.0625 0.0914062
0 0.801389 0.0289063 0.144444 0.05625
0 0.706944 0.496094 0.0666667 0.0984375
0 0.474306 0.510156 0.0541667 0.0765625
0 0.6375 0.774609 0.116667 0.0992187
0 0.638194 0.890625 0.0625 0.0984375
0 0.377083 0.346875 0.0569444 0.129688
0 0.463194 0.344922 0.0625 0.125781
0 0.634722 0.628125 0.0583333 0.121875
0 0.608333 0.491797 0.0638889 0.103906
0 0.452083 0.185937 0.0791667 0.104687
0 0.590278 0.344141 0.0916667 0.116406
0 0.517361 0.499219 0.0708333 0.0921875
0 0.546528 0.773438 0.106944 0.109375
0 0.765278 0.203906 0.0638889 0.071875
0 0.644444 0.0289063 0.0722222 0.0546875
0 0.503472 0.895312 0.0569444 0.103125
0 0.656944 0.493359 0.0583333 0.102344
0 0.561806 0.496484 0.0708333 0.0960938
0 0.665278 0.207813 0.0694444 0.0625
0 0.684028 0.626953 0.0569444 0.121094
0 0.590972 0.183984 0.0902778 0.113281
0 0.720139 0.205469 0.0569444 0.0703125
0 0.430556 0.492578 0.0666667 0.111719
0 0.731944 0.766406 0.0611111 0.109375
0 0.6875 0.889063 0.0583333 0.1
0 0.701389 0.0285156 0.0805556 0.0570313
0 0.438194 0.772656 0.0541667 0.11875
0 0.420139 0.348047 0.0625 0.124219
0 0.483333 0.771875 0.0583333 0.115625
0 0.736806 0.625391 0.0625 0.121094
0 0.396528 0.776953 0.0513889 0.113281
0 0.766667 0.474219 0.141667 0.142188
0 0.736111 0.347656 0.075 0.1125
0 0.40625 0.653906 0.101389 0.090625
0 0.573611 0.642578 0.0972222 0.0976562
0 0.51875 0.186328 0.0930556 0.108594
0 0.381944 0.197266 0.113889 0.0929687
0 0.490972 0.649219 0.0930556 0.0859375
0 0.329861 0.455859 0.151389 0.216406
